SplitterH.X=815.528564
SplitterH.Y=480.500000
SplitterH.Height=961.000000
ViewportType3=2
SplitterH.Width=20.000000
CameraSpeedScalar3=1.000000
SplitterV.X=0.000000
SplitterV.Width=1744.000000
CameraSpeedScalar2=2.598000
SplitterV.Y=426.407990
SplitterV.Height=20.000000
PerspectiveCameraRotX2=0.000000
ShowFlag1=15
CameraSpeedSetting0=1
CameraSpeedScalar0=2.200000
GridSize0=10.000000
PerspectiveCameraRotY2=0.926283
PerspectiveCameraLocX0=-12.427319
PerspectiveCameraLocY0=19.107349
PerspectiveCameraLocZ0=17.413406
ShowFlag3=15
CameraSpeedSetting2=1
PerspectiveCameraRotX0=0.000000
PerspectiveCameraLocX2=-28.107929
PerspectiveCameraRotY0=25.126308
PerspectiveCameraRotZ0=283.169250
PerspectiveCameraRotX3=0.000000
CameraSpeedSetting1=1
ShowFlag0=14
bMutiView=0
ViewMode0=1
ViewportType0=0
CameraSpeedScalar1=3.400000
GridSize1=10.000000
PerspectiveCameraRotY3=23.899998
PerspectiveCameraLocX1=142.334122
ScreenHeight=1
PerspectiveCameraLocY1=-233.811127
PerspectiveCameraLocZ1=34.177525
CameraSpeedSetting3=1
ShowFlag2=15
PerspectiveCameraRotX1=0.000000
PerspectiveCameraLocX3=3.457821
PerspectiveCameraRotY1=9.500015
PerspectiveCameraRotZ1=-259.600128
ViewMode1=3
ViewportType1=0
GridSize2=10.000000
PerspectiveCameraLocY2=-27.869390
PerspectiveCameraLocZ2=25.837776
PerspectiveCameraRotZ2=0.770000
ScreenWidth=1
ViewMode2=0
ViewportType2=3
GridSize3=10.000000
PerspectiveCameraLocY3=30.354818
PerspectiveCameraLocZ3=14.345372
PerspectiveCameraRotZ3=-87.200005
ViewMode3=0
OrthoZoomSize=21.999987
ActiveViewportIndex=1
OrthoPivotX=7.949997
OrthoPivotY=-6.250012
OrthoPivotZ=-0.770026
