SplitterH.X=897.829651
SplitterH.Y=480.500000
SplitterH.Height=1137.000000
ViewportType3=2
SplitterH.Width=20.000000
CameraSpeedScalar3=1.000000
SplitterV.X=0.000000
SplitterV.Width=1920.000000
CameraSpeedScalar2=2.598000
SplitterV.Y=504.501434
SplitterV.Height=20.000000
PerspectiveCameraRotX2=0.000000
ShowFlag1=15
CameraSpeedSetting0=1
CameraSpeedScalar0=2.200000
GridSize0=10.000000
PerspectiveCameraRotY2=64.226288
PerspectiveCameraLocX0=-12.427319
PerspectiveCameraLocY0=19.107349
PerspectiveCameraLocZ0=17.413406
ShowFlag3=15
CameraSpeedSetting2=1
PerspectiveCameraRotX0=0.000000
PerspectiveCameraLocX2=-84.509247
PerspectiveCameraRotY0=32.026310
PerspectiveCameraRotZ0=303.769257
PerspectiveCameraRotX3=0.000000
CameraSpeedSetting1=1
ShowFlag0=14
bMutiView=0
ViewMode0=1
ViewportType0=0
CameraSpeedScalar1=3.400000
GridSize1=10.000000
PerspectiveCameraRotY3=23.899998
PerspectiveCameraLocX1=21.643585
ScreenHeight=1
PerspectiveCameraLocY1=-71.635780
PerspectiveCameraLocZ1=4.932479
CameraSpeedSetting3=1
ShowFlag2=15
PerspectiveCameraRotX1=0.000000
PerspectiveCameraLocX3=3.457821
PerspectiveCameraRotY1=6.500003
PerspectiveCameraRotZ1=469.799133
ViewMode1=0
ViewportType1=0
GridSize2=10.000000
PerspectiveCameraLocY2=-17.340513
PerspectiveCameraLocZ2=44.118725
PerspectiveCameraRotZ2=16.569996
ScreenWidth=1
ViewMode2=0
ViewportType2=0
GridSize3=10.000000
PerspectiveCameraLocY3=30.354818
PerspectiveCameraLocZ3=14.345372
PerspectiveCameraRotZ3=-87.200005
ViewMode3=0
OrthoZoomSize=21.999987
ActiveViewportIndex=1
OrthoPivotX=-153.350098
OrthoPivotY=-0.750016
OrthoPivotZ=118.029953
