SplitterH.X=1218.829590
SplitterH.Y=480.500000
SplitterH.Height=1137.000000
ViewportType3=2
SplitterH.Width=20.000000
CameraSpeedScalar3=1.000000
SplitterV.X=0.000000
SplitterV.Width=1920.000000
CameraSpeedScalar2=2.598000
SplitterV.Y=489.501404
SplitterV.Height=20.000000
PerspectiveCameraRotX2=0.000000
ShowFlag1=15
CameraSpeedSetting0=1
CameraSpeedScalar0=3.400000
GridSize0=10.000000
PerspectiveCameraRotY2=-89.000000
PerspectiveCameraLocX0=-50.004162
PerspectiveCameraLocY0=90.524620
PerspectiveCameraLocZ0=71.077835
ShowFlag3=15
CameraSpeedSetting2=1
PerspectiveCameraRotX0=0.000000
PerspectiveCameraLocX2=-165.200882
PerspectiveCameraRotY0=34.100002
PerspectiveCameraRotZ0=2843.583252
PerspectiveCameraRotX3=0.000000
CameraSpeedSetting1=1
ShowFlag0=14
bMutiView=1
ViewMode0=1
ViewportType0=0
CameraSpeedScalar1=3.400000
GridSize1=10.000000
PerspectiveCameraRotY3=23.899998
PerspectiveCameraLocX1=39.772282
ScreenHeight=1
PerspectiveCameraLocY1=-86.030396
PerspectiveCameraLocZ1=88.439743
CameraSpeedSetting3=1
ShowFlag2=15
PerspectiveCameraRotX1=0.000000
PerspectiveCameraLocX3=-0.446611
PerspectiveCameraRotY1=81.399986
PerspectiveCameraRotZ1=1850.397827
ViewMode1=0
ViewportType1=0
GridSize2=10.000000
PerspectiveCameraLocY2=-33.704948
PerspectiveCameraLocZ2=87.512337
PerspectiveCameraRotZ2=-112.730034
ScreenWidth=1
ViewMode2=0
ViewportType2=1
GridSize3=10.000000
PerspectiveCameraLocY3=9.131624
PerspectiveCameraLocZ3=4.051415
PerspectiveCameraRotZ3=-87.200005
ViewMode3=0
OrthoZoomSize=21.999987
ActiveViewportIndex=1
OrthoPivotX=212.350372
OrthoPivotY=-51.749744
OrthoPivotZ=118.029953
