SplitterH.X=1011.829651
SplitterH.Y=480.500000
SplitterH.Height=1137.000000
ViewportType3=2
SplitterH.Width=20.000000
CameraSpeedScalar3=1.000000
SplitterV.X=0.000000
SplitterV.Width=1920.000000
CameraSpeedScalar2=2.598000
SplitterV.Y=626.501404
SplitterV.Height=20.000000
PerspectiveCameraRotX2=0.000000
ShowFlag1=15
CameraSpeedSetting0=1
CameraSpeedScalar0=2.200000
GridSize0=10.000000
PerspectiveCameraRotY2=-89.000000
PerspectiveCameraLocX0=-3.909344
PerspectiveCameraLocY0=35.147999
PerspectiveCameraLocZ0=84.065208
ShowFlag3=15
CameraSpeedSetting2=1
PerspectiveCameraRotX0=0.000000
PerspectiveCameraLocX2=-165.200882
PerspectiveCameraRotY0=29.799999
PerspectiveCameraRotZ0=3006.879395
PerspectiveCameraRotX3=0.000000
CameraSpeedSetting1=1
ShowFlag0=14
bMutiView=0
ViewMode0=1
ViewportType0=0
CameraSpeedScalar1=3.400000
GridSize1=10.000000
PerspectiveCameraRotY3=23.899998
PerspectiveCameraLocX1=-6.625832
ScreenHeight=0
PerspectiveCameraLocY1=7.105570
PerspectiveCameraLocZ1=2.368379
CameraSpeedSetting3=1
ShowFlag2=15
PerspectiveCameraRotX1=0.000000
PerspectiveCameraLocX3=3.457821
PerspectiveCameraRotY1=13.699983
PerspectiveCameraRotZ1=2472.999023
ViewMode1=3
ViewportType1=2
GridSize2=10.000000
PerspectiveCameraLocY2=-33.704948
PerspectiveCameraLocZ2=87.512337
PerspectiveCameraRotZ2=-112.730034
ScreenWidth=0
ViewMode2=0
ViewportType2=3
GridSize3=10.000000
PerspectiveCameraLocY3=30.354818
PerspectiveCameraLocZ3=14.345372
PerspectiveCameraRotZ3=-87.200005
ViewMode3=0
OrthoZoomSize=113.199966
ActiveViewportIndex=0
OrthoPivotX=-37.600239
OrthoPivotY=172.399277
OrthoPivotZ=17.350002
