SplitterH.X=792.366699
SplitterH.Y=480.500000
SplitterH.Height=961.000000
ViewportType3=2
SplitterH.Width=20.000000
CameraSpeedScalar3=1.000000
SplitterV.X=0.000000
SplitterV.Width=1733.000000
CameraSpeedScalar2=2.598000
SplitterV.Y=473.407959
SplitterV.Height=20.000000
PerspectiveCameraRotX2=0.000000
ShowFlag1=15
CameraSpeedSetting0=1
CameraSpeedScalar0=2.200000
GridSize0=10.000000
PerspectiveCameraRotY2=38.126278
PerspectiveCameraLocX0=-12.882452
PerspectiveCameraLocY0=-11.130234
PerspectiveCameraLocZ0=7.262988
ShowFlag3=15
CameraSpeedSetting2=1
PerspectiveCameraRotX0=0.000000
PerspectiveCameraLocX2=-26.023066
PerspectiveCameraRotY0=16.326313
PerspectiveCameraRotZ0=386.668396
PerspectiveCameraRotX3=0.000000
CameraSpeedSetting1=1
ShowFlag0=14
bMutiView=1
ViewMode0=1
ViewportType0=0
CameraSpeedScalar1=3.400000
GridSize1=10.000000
PerspectiveCameraRotY3=6.700010
PerspectiveCameraLocX1=0.458594
ScreenHeight=3
PerspectiveCameraLocY1=-7.345371
PerspectiveCameraLocZ1=4.251712
CameraSpeedSetting3=1
ShowFlag2=15
PerspectiveCameraRotX1=0.000000
PerspectiveCameraLocX3=-3.142748
PerspectiveCameraRotY1=23.599979
PerspectiveCameraRotZ1=-981.600159
ViewMode1=3
ViewportType1=0
GridSize2=10.000000
PerspectiveCameraLocY2=-8.066936
PerspectiveCameraLocZ2=20.526737
PerspectiveCameraRotZ2=-3.829997
ScreenWidth=3
ViewMode2=1
ViewportType2=5
GridSize3=10.000000
PerspectiveCameraLocY3=2.528292
PerspectiveCameraLocZ3=9.207859
PerspectiveCameraRotZ3=-93.099998
ViewMode3=1
OrthoZoomSize=2.799969
ActiveViewportIndex=3
OrthoPivotX=-0.100091
OrthoPivotY=-0.650013
OrthoPivotZ=0.279964
