SplitterH.X=425.287689
SplitterH.Y=480.500000
SplitterH.Height=961.000000
ViewportType3=2
SplitterH.Width=20.000000
CameraSpeedScalar3=1.000000
SplitterV.X=0.000000
SplitterV.Width=984.000000
CameraSpeedScalar2=2.598000
SplitterV.Y=526.987549
SplitterV.Height=20.000000
PerspectiveCameraRotX2=0.000000
ShowFlag1=15
CameraSpeedSetting0=1
CameraSpeedScalar0=2.200000
GridSize0=10.000000
PerspectiveCameraRotY2=-56.773586
PerspectiveCameraLocX0=82.750740
PerspectiveCameraLocY0=33.204575
PerspectiveCameraLocZ0=57.356197
ShowFlag3=15
CameraSpeedSetting2=1
PerspectiveCameraRotX0=0.000000
PerspectiveCameraLocX2=-20.121988
PerspectiveCameraRotY0=19.300003
PerspectiveCameraRotZ0=3441.970459
PerspectiveCameraRotX3=0.000000
CameraSpeedSetting1=1
ShowFlag0=14
bMutiView=0
ViewMode0=1
ViewportType0=0
CameraSpeedScalar1=3.400000
GridSize1=10.000000
PerspectiveCameraRotY3=23.899998
PerspectiveCameraLocX1=-62.650127
ScreenHeight=0
PerspectiveCameraLocY1=-59.902485
PerspectiveCameraLocZ1=13.508000
CameraSpeedSetting3=1
ShowFlag2=15
PerspectiveCameraRotX1=0.000000
PerspectiveCameraLocX3=3.457821
PerspectiveCameraRotY1=2.400024
PerspectiveCameraRotZ1=2238.998779
ViewMode1=0
ViewportType1=0
GridSize2=10.000000
PerspectiveCameraLocY2=-22.601463
PerspectiveCameraLocZ2=48.174404
PerspectiveCameraRotZ2=41.369991
ScreenWidth=0
ViewMode2=0
ViewportType2=0
GridSize3=10.000000
PerspectiveCameraLocY3=30.354818
PerspectiveCameraLocZ3=14.345372
PerspectiveCameraRotZ3=-87.200005
ViewMode3=0
OrthoZoomSize=21.999987
ActiveViewportIndex=0
OrthoPivotX=171.699417
OrthoPivotY=164.199951
OrthoPivotZ=118.029953
