SplitterH.X=716.777710
SplitterH.Y=480.500000
SplitterH.Height=961.000000
ViewportType3=2
SplitterH.Width=20.000000
CameraSpeedScalar3=1.000000
SplitterV.X=0.000000
SplitterV.Width=1595.000000
CameraSpeedScalar2=2.598000
SplitterV.Y=434.860016
SplitterV.Height=20.000000
PerspectiveCameraRotX2=0.000000
ShowFlag1=15
CameraSpeedSetting0=1
CameraSpeedScalar0=2.200000
GridSize0=10.000000
PerspectiveCameraRotY2=-89.000000
PerspectiveCameraLocX0=-5.162739
PerspectiveCameraLocY0=-5.230309
PerspectiveCameraLocZ0=6.781591
ShowFlag3=15
CameraSpeedSetting2=1
PerspectiveCameraRotX0=0.000000
PerspectiveCameraLocX2=-165.200882
PerspectiveCameraRotY0=26.299965
PerspectiveCameraRotZ0=2553.572510
PerspectiveCameraRotX3=0.000000
CameraSpeedSetting1=1
ShowFlag0=14
bMutiView=1
ViewMode0=0
ViewportType0=0
CameraSpeedScalar1=3.400000
GridSize1=10.000000
PerspectiveCameraRotY3=23.899998
PerspectiveCameraLocX1=-1.198636
ScreenHeight=1
PerspectiveCameraLocY1=3.623672
PerspectiveCameraLocZ1=2.546764
CameraSpeedSetting3=1
ShowFlag2=15
PerspectiveCameraRotX1=0.000000
PerspectiveCameraLocX3=3.457821
PerspectiveCameraRotY1=27.099995
PerspectiveCameraRotZ1=2798.898926
ViewMode1=3
ViewportType1=0
GridSize2=10.000000
PerspectiveCameraLocY2=-33.704948
PerspectiveCameraLocZ2=87.512337
PerspectiveCameraRotZ2=-112.730034
ScreenWidth=1
ViewMode2=1
ViewportType2=3
GridSize3=10.000000
PerspectiveCameraLocY3=30.354818
PerspectiveCameraLocZ3=14.345372
PerspectiveCameraRotZ3=-87.200005
ViewMode3=0
OrthoZoomSize=32.800064
ActiveViewportIndex=1
OrthoPivotX=6.350136
OrthoPivotY=-5.749994
OrthoPivotZ=-0.150006
