SplitterH.X=908.829590
SplitterH.Y=480.500000
SplitterH.Height=1137.000000
ViewportType3=2
SplitterH.Width=20.000000
CameraSpeedScalar3=1.000000
SplitterV.X=0.000000
SplitterV.Width=1920.000000
CameraSpeedScalar2=2.598000
SplitterV.Y=489.501404
SplitterV.Height=20.000000
PerspectiveCameraRotX2=0.000000
ShowFlag1=15
CameraSpeedSetting0=1
CameraSpeedScalar0=2.200000
GridSize0=10.000000
PerspectiveCameraRotY2=-89.000000
PerspectiveCameraLocX0=160.644028
PerspectiveCameraLocY0=116.784630
PerspectiveCameraLocZ0=93.876587
ShowFlag3=15
CameraSpeedSetting2=1
PerspectiveCameraRotX0=0.000000
PerspectiveCameraLocX2=-165.200882
PerspectiveCameraRotY0=25.200006
PerspectiveCameraRotZ0=1654.173584
PerspectiveCameraRotX3=0.000000
CameraSpeedSetting1=1
ShowFlag0=14
bMutiView=0
ViewMode0=1
ViewportType0=0
CameraSpeedScalar1=3.400000
GridSize1=10.000000
PerspectiveCameraRotY3=23.899998
PerspectiveCameraLocX1=9.440334
ScreenHeight=0
PerspectiveCameraLocY1=1.732842
PerspectiveCameraLocZ1=2.806663
CameraSpeedSetting3=1
ShowFlag2=15
PerspectiveCameraRotX1=0.000000
PerspectiveCameraLocX3=-0.446611
PerspectiveCameraRotY1=16.299973
PerspectiveCameraRotZ1=1990.401367
ViewMode1=0
ViewportType1=0
GridSize2=10.000000
PerspectiveCameraLocY2=-33.704948
PerspectiveCameraLocZ2=87.512337
PerspectiveCameraRotZ2=-112.730034
ScreenWidth=0
ViewMode2=0
ViewportType2=1
GridSize3=10.000000
PerspectiveCameraLocY3=9.131624
PerspectiveCameraLocZ3=4.051415
PerspectiveCameraRotZ3=-87.200005
ViewMode3=0
OrthoZoomSize=21.999987
ActiveViewportIndex=0
OrthoPivotX=193.099869
OrthoPivotY=-57.699757
OrthoPivotZ=118.029953
