SplitterH.X=908.829590
SplitterH.Y=480.500000
SplitterH.Height=1137.000000
ViewportType3=2
SplitterH.Width=20.000000
CameraSpeedScalar3=1.000000
SplitterV.X=0.000000
SplitterV.Width=1920.000000
CameraSpeedScalar2=2.598000
SplitterV.Y=489.501404
SplitterV.Height=20.000000
PerspectiveCameraRotX2=0.000000
ShowFlag1=15
CameraSpeedSetting0=1
CameraSpeedScalar0=2.200000
GridSize0=10.000000
PerspectiveCameraRotY2=-89.000000
PerspectiveCameraLocX0=-31.023838
PerspectiveCameraLocY0=-31.934635
PerspectiveCameraLocZ0=25.533592
ShowFlag3=15
CameraSpeedSetting2=1
PerspectiveCameraRotX0=0.000000
PerspectiveCameraLocX2=-165.200882
PerspectiveCameraRotY0=27.299967
PerspectiveCameraRotZ0=2207.768799
PerspectiveCameraRotX3=0.000000
CameraSpeedSetting1=1
ShowFlag0=14
bMutiView=0
ViewMode0=1
ViewportType0=0
CameraSpeedScalar1=3.400000
GridSize1=10.000000
PerspectiveCameraRotY3=23.899998
PerspectiveCameraLocX1=-62.650127
ScreenHeight=0
PerspectiveCameraLocY1=-59.902485
PerspectiveCameraLocZ1=13.508000
CameraSpeedSetting3=1
ShowFlag2=15
PerspectiveCameraRotX1=0.000000
PerspectiveCameraLocX3=3.457821
PerspectiveCameraRotY1=89.000000
PerspectiveCameraRotZ1=2471.699463
ViewMode1=0
ViewportType1=0
GridSize2=10.000000
PerspectiveCameraLocY2=-33.704948
PerspectiveCameraLocZ2=87.512337
PerspectiveCameraRotZ2=-112.730034
ScreenWidth=0
ViewMode2=0
ViewportType2=1
GridSize3=10.000000
PerspectiveCameraLocY3=30.354818
PerspectiveCameraLocZ3=14.345372
PerspectiveCameraRotZ3=-87.200005
ViewMode3=0
OrthoZoomSize=21.999987
ActiveViewportIndex=0
OrthoPivotX=106.849518
OrthoPivotY=182.100021
OrthoPivotZ=118.029953
